200
-1.196 1.790 -0.511
-0.339 2.220 -0.794
0.253 0.127 0.959
-0.475 4.407 -0.346
-0.067 3.501 -0.461
0.047 -0.105 0.993
2.042 3.543 0.205
1.357 2.954 -0.223
-0.325 -0.279 0.904
1.143 4.273 -0.639
1.099 3.276 -0.704
-0.003 -0.065 0.998
0.548 -0.107 -0.107
0.226 0.807 -0.354
-0.082 0.233 0.969
-0.248 4.173 -0.241
-0.470 3.250 -0.552
-0.073 -0.303 0.950
0.161 4.542 -0.610
0.106 3.607 -0.958
-0.021 -0.347 0.937
-2.727 -0.544 -0.246
-2.107 0.237 -0.162
-0.052 -0.066 0.996
0.762 -0.684 0.452
0.562 0.261 0.191
-0.054 0.255 0.965
-0.835 -0.694 -0.024
-0.723 0.276 -0.239
0.025 0.214 0.977
0.536 -1.571 0.372
0.155 -0.738 -0.029
-0.167 0.365 0.916
0.195 -1.174 -0.100
-0.123 -0.258 -0.347
-0.081 0.233 0.969
0.178 -1.445 0.055
0.029 -0.464 -0.066
-0.018 0.120 0.993
1.347 1.129 -0.676
1.199 2.067 -0.989
-0.049 0.310 0.950
-0.940 0.167 -0.040
-0.157 0.705 -0.354
0.259 0.178 0.949
1.188 3.824 0.081
0.950 2.921 -0.276
-0.091 -0.346 0.934
-1.242 -0.784 0.166
-0.521 -0.147 -0.105
0.203 0.180 0.963
-0.609 3.977 -0.199
-0.459 3.013 -0.417
0.034 -0.215 0.976
-1.493 2.289 0.535
-1.392 1.394 0.102
0.049 -0.431 0.901
-1.297 2.920 0.455
-1.084 2.057 -0.003
0.109 -0.445 0.889
-2.086 -0.262 0.513
-1.259 -0.471 -0.008
0.505 -0.127 0.854
-2.280 0.458 -0.354
-1.300 0.601 -0.494
0.139 0.020 0.990
-1.148 1.401 0.410
-0.841 0.533 0.019
0.130 -0.368 0.920
1.276 1.160 -0.184
0.479 1.674 -0.503
-0.267 0.172 0.948
-1.350 0.072 0.493
-1.210 0.907 -0.040
0.088 0.525 0.846
-1.657 -1.556 0.381
-0.927 -1.109 -0.137
0.441 0.270 0.856
-0.390 -0.796 0.501
0.117 -0.110 -0.021
0.310 0.420 0.853
-1.414 -1.719 -0.056
-0.611 -1.211 -0.365
0.262 0.166 0.951
2.503 3.675 0.028
1.593 3.276 -0.085
-0.104 -0.045 0.994
-2.080 -0.466 0.516
-1.897 0.376 0.008
0.108 0.496 0.862
1.379 4.176 -0.608
0.598 3.656 -0.956
-0.289 -0.193 0.938
-2.301 0.323 0.416
-1.404 0.388 -0.020
0.435 0.032 0.900
0.587 0.488 -0.356
-0.139 1.126 -0.612
-0.192 0.169 0.967
0.469 -1.341 -0.339
0.138 -0.405 -0.219
0.040 -0.113 0.993
0.369 1.198 -0.558
0.255 2.188 -0.483
0.009 -0.075 0.997
-1.417 0.746 0.104
-0.989 1.419 -0.500
0.324 0.510 0.797
-0.696 0.715 -0.206
-0.625 1.703 -0.344
0.010 0.138 0.990
0.753 3.370 -0.364
1.197 2.634 -0.875
0.264 -0.438 0.859
-0.098 3.994 -0.147
0.212 3.067 -0.357
0.067 -0.199 0.978
-1.188 2.616 0.171
-1.189 1.645 -0.068
-0.000 -0.238 0.971
0.857 3.907 0.512
0.833 2.985 0.125
-0.010 -0.387 0.922
-1.163 2.672 -0.130
-1.113 1.683 -0.271
0.007 -0.140 0.990
-0.256 2.473 0.388
0.070 1.581 0.074
0.108 -0.295 0.949
-1.012 0.556 0.273
-1.032 1.367 -0.310
-0.014 0.583 0.812
-1.917 0.724 -0.660
-1.764 1.712 -0.657
-0.001 -0.003 1.000
-2.602 -1.089 -0.262
-1.614 -0.976 -0.366
0.104 0.012 0.995
0.088 1.200 -0.189
-0.276 2.013 -0.643
-0.186 0.415 0.891
-0.160 0.821 0.162
-0.698 1.504 -0.332
-0.306 0.388 0.869
-1.615 1.119 -0.098
-1.235 0.215 -0.294
0.076 -0.180 0.981
-1.892 -0.868 0.551
-0.995 -0.492 0.317
0.216 0.091 0.972
1.639 1.121 -0.492
0.917 1.804 -0.384
0.078 -0.074 0.994
-2.502 0.045 0.417
-1.765 -0.247 -0.193
0.567 -0.225 0.793
-0.923 0.076 0.348
-0.124 0.118 -0.252
0.600 0.032 0.800
0.457 1.665 -0.133
0.833 0.833 -0.540
0.168 -0.371 0.913
-0.194 -0.906 -0.027
-0.654 -0.059 -0.296
-0.128 0.236 0.963
0.363 -0.025 -0.148
-0.437 -0.442 -0.579
-0.382 -0.199 0.903
1.182 0.713 0.527
0.301 0.563 0.078
-0.443 -0.075 0.893
-0.903 2.027 -0.045
-0.598 1.191 -0.502
0.157 -0.430 0.889
-2.017 0.319 -0.348
-1.565 -0.547 -0.562
0.099 -0.190 0.977
2.139 2.937 -0.254
1.871 1.977 -0.339
-0.023 -0.082 0.996
0.065 0.108 0.074
-0.693 -0.322 -0.416
-0.426 -0.242 0.872
0.918 3.493 0.179
0.354 2.789 -0.254
-0.270 -0.338 0.902
-0.370 4.449 0.449
-0.691 3.504 0.389
-0.019 -0.057 0.998
-0.427 -0.529 0.261
-0.839 0.267 -0.182
-0.204 0.394 0.896
-1.308 -0.932 0.327
-1.097 -0.130 -0.232
0.142 0.541 0.829
-1.581 -0.855 0.533
-1.104 -1.469 -0.095
0.385 -0.496 0.778
-1.355 0.391 -0.281
-0.395 0.506 -0.537
0.254 0.031 0.967
2.158 2.154 0.477
1.346 1.945 -0.068
-0.528 -0.136 0.838
-1.163 -1.181 -0.439
-1.357 -0.205 -0.534
-0.019 0.094 0.995
-0.110 2.561 0.247
0.235 1.800 -0.303
0.227 -0.500 0.836
2.597 3.388 0.457
1.864 3.653 -0.169
-0.588 0.213 0.780
0.163 -2.139 -0.726
-0.463 -1.361 -0.779
-0.033 0.041 0.999
0.184 -0.331 0.155
0.836 0.306 -0.256
0.294 0.287 0.912
-0.838 1.385 -0.412
-0.250 0.577 -0.435
0.014 -0.019 1.000
-1.560 -0.865 -0.394
-0.659 -0.627 -0.758
0.352 0.093 0.931
1.403 2.933 0.062
0.451 2.795 -0.212
-0.271 -0.039 0.962
-1.738 1.786 0.105
-0.931 1.221 -0.065
0.139 -0.098 0.985
-0.122 -0.771 -0.068
0.617 -0.236 -0.479
0.332 0.241 0.912
-0.533 -1.116 -0.342
-0.123 -0.230 -0.124
-0.091 -0.197 0.976
-2.133 -0.860 0.259
-1.653 0.011 0.362
-0.050 -0.090 0.995
-2.503 -0.866 0.010
-1.753 -0.463 -0.515
0.462 0.248 0.852
-0.489 -0.134 -0.345
-1.275 -0.628 -0.718
-0.316 -0.199 0.928
1.841 1.993 0.145
1.098 1.543 -0.350
-0.424 -0.257 0.869
-0.097 2.769 -0.048
0.695 2.891 0.550
-0.591 -0.091 0.802
1.256 0.802 0.212
0.356 0.806 -0.225
-0.437 0.002 0.900
-1.376 0.156 -0.322
-0.403 0.193 -0.549
0.227 0.009 0.974
-0.626 -0.808 0.347
-1.434 -1.012 -0.206
-0.536 -0.135 0.833
1.754 2.074 -0.397
1.313 1.247 -0.747
-0.164 -0.308 0.937
-0.922 -0.068 0.289
-0.039 0.368 0.114
0.157 0.077 0.985
1.216 1.677 0.247
0.410 1.973 -0.265
-0.481 0.176 0.859
1.181 1.337 0.060
1.246 0.540 -0.540
0.049 -0.598 0.800
-1.149 1.385 -0.143
-1.315 2.230 -0.652
-0.098 0.500 0.861
1.972 3.112 -0.570
1.327 2.541 -1.078
-0.380 -0.336 0.862
-1.155 -0.082 -0.019
-1.845 -0.539 -0.581
-0.469 -0.310 0.827
-1.787 -0.359 0.151
-0.947 -0.233 -0.376
0.521 0.078 0.850
-0.074 0.462 0.459
0.666 0.734 -0.156
0.578 0.212 0.788
-0.864 2.791 -0.626
-1.222 1.896 -0.893
-0.099 -0.247 0.964
1.215 0.331 0.022
0.848 1.012 -0.611
-0.300 0.557 0.774
1.129 2.594 0.123
1.029 1.603 0.027
-0.010 -0.095 0.995
-0.713 3.405 0.521
-0.804 2.614 -0.083
-0.069 -0.600 0.797
-0.751 0.612 -0.302
-0.059 -0.106 -0.376
0.051 -0.053 0.997
-0.113 2.004 0.224
-0.854 1.457 -0.166
-0.313 -0.231 0.921
1.629 3.716 -0.339
1.362 2.761 -0.212
0.034 0.122 0.992
-0.078 -1.470 0.444
-0.521 -0.812 -0.166
-0.341 0.506 0.793
-0.315 1.152 -0.574
0.375 1.601 -0.006
-0.476 -0.310 0.823
0.133 3.106 0.033
0.632 2.288 -0.253
0.149 -0.244 0.958
-0.948 -1.223 -0.251
-0.083 -0.721 -0.269
0.016 0.009 1.000
1.135 2.693 0.419
1.041 3.482 -0.187
-0.072 0.602 0.795
0.224 3.860 0.377
0.091 3.093 -0.251
-0.108 -0.619 0.778
-0.752 1.714 -0.725
-0.188 0.928 -0.976
0.146 -0.204 0.968
-1.134 0.557 -0.344
-0.651 1.336 0.057
-0.211 -0.341 0.916
-0.248 -1.221 -0.056
-1.018 -0.699 -0.423
-0.303 0.206 0.930
-2.055 1.315 0.176
-1.197 1.740 0.466
-0.260 -0.128 0.957
0.192 -1.050 -0.375
-0.780 -0.877 -0.536
-0.158 0.028 0.987
-0.611 3.488 0.133
0.099 3.058 -0.425
0.477 -0.289 0.830
-1.071 -0.364 -0.268
-1.472 0.515 -0.526
-0.107 0.235 0.966
2.126 3.353 0.370
1.144 3.361 0.185
-0.186 0.002 0.983
0.085 4.646 0.180
0.236 3.732 0.557
-0.062 0.373 0.926
1.249 3.688 -0.702
1.430 2.779 -1.078
0.073 -0.369 0.927
0.311 3.200 0.473
1.096 2.928 1.030
-0.527 0.182 0.830
-0.738 0.344 0.535
-1.153 1.159 0.131
-0.184 0.360 0.915
0.120 0.223 -0.087
0.948 0.589 -0.512
0.389 0.172 0.905
1.705 3.296 0.441
0.917 3.664 -0.052
-0.446 0.208 0.870
-0.579 0.535 0.526
-0.199 -0.329 0.193
0.134 -0.305 0.943
1.061 3.814 0.501
1.143 2.818 0.488
0.001 -0.013 1.000
1.084 3.316 0.480
1.091 2.522 -0.128
0.005 -0.608 0.794
0.742 -0.438 -0.098
0.052 0.286 -0.081
0.012 -0.013 1.000
-0.487 0.232 -0.167
-1.308 -0.152 -0.590
-0.383 -0.179 0.906
-0.140 3.156 -0.115
0.473 2.666 0.506
-0.485 0.388 0.784
-0.111 3.383 0.105
-0.671 2.711 -0.381
-0.311 -0.373 0.874
-0.338 -0.955 -0.555
0.231 -0.182 -0.274
-0.167 -0.227 0.960
-0.102 1.162 -0.486
-0.192 1.931 -1.119
-0.074 0.628 0.774
1.210 1.557 0.500
0.254 1.584 0.208
-0.292 0.008 0.956
0.065 2.435 0.190
-0.747 1.925 -0.092
-0.239 -0.150 0.959
-0.680 2.382 0.280
-1.260 1.783 -0.272
-0.384 -0.397 0.834
-0.320 4.338 0.059
0.350 3.813 0.583
-0.413 0.324 0.851
2.108 2.318 -0.187
1.374 1.751 0.186
0.296 0.229 0.928
0.473 2.025 -0.029
0.799 1.089 -0.161
0.044 -0.125 0.991
-0.195 -0.634 0.304
-0.475 0.326 0.281
-0.006 0.022 1.000
-1.439 1.776 -0.172
-0.576 2.041 0.258
-0.411 -0.126 0.903
-0.590 1.520 -0.084
0.284 1.664 0.378
-0.456 -0.075 0.887
0.763 2.046 0.189
-0.030 1.789 0.741
0.526 0.171 0.833
1.771 1.185 -0.537
0.873 1.035 -0.124
0.408 0.068 0.911
0.441 2.774 -0.106
1.042 2.059 -0.463
0.230 -0.273 0.934
-0.003 -1.027 -0.544
-0.027 -0.132 -0.099
0.012 -0.445 0.895
1.014 3.709 -0.396
0.043 3.486 -0.487
-0.089 -0.020 0.996
0.540 3.470 -0.124
-0.228 2.842 -0.003
0.094 0.077 0.993
-1.292 -1.721 -0.313
-0.397 -1.281 -0.234
-0.070 -0.035 0.997
0.704 3.563 -0.228
0.496 2.692 0.218
0.104 0.434 0.895
-1.237 2.780 -0.132
-0.737 1.920 -0.027
-0.053 0.091 0.994
-0.958 0.810 -0.301
-1.224 1.602 -0.851
-0.175 0.521 0.836
-0.375 3.888 -0.470
-0.764 3.184 -1.064
-0.287 -0.520 0.805
1.604 3.463 0.166
0.836 2.919 0.503
0.274 0.195 0.942
0.091 -2.464 -0.271
-0.264 -1.747 0.329
0.266 -0.538 0.800
0.170 -0.637 0.527
0.486 0.219 0.936
-0.142 -0.384 0.912
-1.867 -1.638 0.461
-1.133 -0.963 0.542
-0.060 -0.055 0.997
-1.476 -0.551 0.479
-1.789 0.317 0.094
-0.130 0.362 0.923
1.696 3.912 -0.302
0.731 3.661 -0.235
0.065 0.017 0.998
-1.067 0.998 -0.056
-0.195 1.362 0.269
-0.300 -0.125 0.946
-2.827 -1.044 0.315
-1.940 -0.873 0.742
-0.420 -0.081 0.904
0.137 1.669 -0.333
-0.729 1.897 -0.778
-0.430 0.113 0.896
-0.910 3.499 0.454
-0.063 3.569 0.981
-0.526 -0.044 0.849
1.807 3.290 0.022
1.583 2.320 0.123
0.023 0.098 0.995
-1.052 0.623 -0.262
-0.198 1.035 0.056
-0.286 -0.138 0.948
0.674 -0.057 0.141
0.471 0.919 0.212
0.014 -0.070 0.997
-0.286 -0.470 -0.310
-0.513 0.387 0.153
0.119 -0.447 0.887
0.352 2.773 0.408
-0.361 2.200 0.812
0.315 0.253 0.915
-0.062 -1.182 0.424
-0.530 -0.395 0.827
0.206 -0.347 0.915
1.123 2.086 0.506
0.507 2.793 0.159
-0.228 0.262 0.938
0.762 1.770 -0.249
0.313 1.043 0.272
0.274 0.443 0.854
1.536 2.407 0.482
0.838 1.729 0.713
0.166 0.161 0.973
-0.515 2.202 0.312
-0.641 1.344 0.812
0.073 0.494 0.867
-0.177 -0.012 -0.274
0.248 -0.709 -0.851
0.300 -0.493 0.817
-0.773 4.172 -0.242
0.007 3.883 0.314
-0.521 0.193 0.831
0.028 -0.855 0.427
-0.396 0.021 0.656
0.100 -0.207 0.973
-2.166 -1.484 -0.296
-1.587 -0.916 0.288
-0.417 -0.409 0.812
1.932 3.022 -0.188
0.995 2.794 0.078
0.258 0.063 0.964
-0.598 -1.661 -0.045
0.048 -2.233 -0.550
0.379 -0.335 0.863
0.354 2.690 0.130
0.972 2.236 0.772
-0.517 0.381 0.767
2.183 2.486 0.012
1.207 2.345 0.176
0.162 0.023 0.987
0.420 3.396 -0.292
1.251 3.555 -0.826
0.524 0.101 0.846
-0.979 0.354 0.399
-1.405 1.056 -0.171
-0.296 0.488 0.821
1.325 2.258 -0.553
1.620 1.327 -0.770
0.066 -0.207 0.976
-0.805 -0.078 0.271
-0.045 0.569 0.338
-0.051 -0.044 0.998
1.191 2.183 -0.340
1.424 1.221 -0.484
0.034 -0.140 0.990
-0.279 1.609 -0.282
-1.042 2.226 -0.477
-0.152 0.123 0.981
-1.205 -0.043 -0.048
-0.393 0.227 0.470
-0.491 -0.163 0.856
0.229 -0.210 0.394
-0.694 -0.497 0.139
-0.243 -0.076 0.967
0.327 0.262 0.446
0.764 1.053 0.875
-0.208 -0.375 0.903
-0.545 3.782 -0.063
-0.872 2.870 0.187
0.084 0.236 0.968
-0.760 -1.352 -0.395
-0.841 -0.588 0.246
0.067 -0.637 0.768
-0.170 -1.501 -0.286
-0.607 -0.700 0.125
0.197 -0.360 0.912
-0.473 -0.982 0.489
-0.835 -0.093 0.767
0.105 -0.258 0.960
-1.261 0.546 -0.229
-0.377 0.686 0.217
-0.441 -0.069 0.895
-1.399 1.390 0.486
-0.936 0.645 0.965
-0.253 0.408 0.877
-1.715 0.627 0.035
-1.444 1.590 0.052
-0.005 -0.016 1.000
0.329 2.807 0.472
-0.127 3.536 -0.040
-0.272 0.434 0.859
0.457 -0.819 0.419
0.738 0.082 0.750
-0.099 -0.316 0.944
0.219 -1.552 0.009
-0.571 -1.027 0.323
0.261 -0.174 0.950
1.888 3.337 -0.255
1.104 3.210 0.352
0.599 0.097 0.795
